ALat            = [	-0.256356    	-0.897214    	-125.955 	9.81
                    -0.765269    	-24.402      	2.53297  	0
                    0.45176         -1.85712     	-3.1953  	0
                  	0            	1           	0         	0];   